10
101
571 985 434 661 353 581 775 861 80 591 642 737 769 850 6 576 633 39 753 675 166 602 165 494 948 326 547 835 499 798 940 37 915 940 202 750 538 127 636 750 747 693 930 713 566 529 442 861 400 447 426 232 570 530 637 884 450 784 839 69 328 875 855 496 830 78 235 565 195 420 490 740 201 788 876 487 325 60 352 952 880 980 813 878 200 337 84 747 165 942 999 946 195 134 591 661 374 836 920 308 553
101
15 971 501 968 549 990 9 979 190 972 882 335 594 220 379 81 868 691 421 747 947 217 155 427 210 713 587 767 549 56 779 462 153 527 78 869 778 142 673 987 669 958 450 688 195 480 400 208 99 980 517 152 425 167 268 692 41 519 260 191 748 286 422 240 223 991 522 232 899 247 789 18 544 633 833 313 562 417 851 405 553 281 110 49 33 654 134 170 966 382 538 624 605 272 864 585 430 575 159 8 846
101
661 400 496 10 491 439 191 880 386 764 337 931 136 672 544 714 995 165 825 931 413 365 797 244 497 24 735 733 944 75 890 659 97 107 588 275 494 301 344 976 491 467 636 336 907 948 363 82 383 257 260 556 685 992 431 658 987 705 982 702 712 505 822 119 320 543 554 871 58 704 602 386 460 168 70 563 958 745 910 566 943 8 755 402 890 250 81 58 161 266 89 761 766 135 360 565 164 642 74 389 533
51
717 874 463 701 782 601 186 177 199 143 987 321 974 564 31 997 669 136 481 252 753 702 898 836 148 65 310 417 567 347 556 734 800 900 132 417 751 48 605 24 536 779 355 412 208 23 384 113 61 381 156
51
374 665 277 935 576 405 860 852 382 668 444 221 978 809 150 886 662 696 310 463 654 296 870 439 571 5 12 150 420 431 35 646 352 334 790 497 98 779 178 169 490 648 900 895 595 334 700 439 842 690 445
51
345 869 4 318 505 994 151 659 561 604 47 715 231 887 407 113 397 755 399 392 795 458 729 436 975 806 528 144 576 206 370 14 539 738 676 640 735 81 766 879 912 118 830 136 585 924 460 771 15 8 915
51
990 387 951 71 3 495 188 237 264 884 614 312 8 512 800 69 839 104 403 137 492 19 829 668 395 469 742 776 992 937 957 342 456 147 335 842 333 377 955 731 918 262 577 695 277 419 380 466 282 944 987
21
58 45 47 80 1 60 55 68 56 72 15 55 72 79 86 31 60 64 73 47 40
21
48 13 31 57 91 59 24 52 76 26 30 71 75 99 7 37 72 46 8 97 91
21
42 76 74 76 84 83 30 46 11 78 47 12 22 72 53 19 6 72 37 100 72
