10
30 666
963 8395 3587 763 7381 5484 6306 397 4892 5089 7034 322 2273 697 7071 7479 9583 6094 8711 7532 2040 9141 9431 7640 737 8491 8605 10 4091 18 
56 419
9995 768 7399 7378 7834 3706 9357 2727 378 6392 4631 4234 8672 1703 3296 8256 9380 2008 7372 1421 1151 6804 644 3470 5296 832 3480 9387 851 9078 7607 2429 1429 5007 1390 9263 297 2331 3573 675 8723 8205 6491 8978 1491 9788 8818 2454 1797 6191 3875 4530 4578 4520 8000 9874 
8 422
845 7785 2143 8452 1798 3573 5043 3188 
65 516
5519 7993 9179 5826 7781 5672 6387 855 5461 6788 3310 8840 4562 8767 3372 9140 4870 1373 598 1806 4437 1444 9591 6581 1479 2972 1737 8104 7743 7738 5027 4845 7314 4208 2254 5096 1463 8642 7534 6924 7013 845 7347 1577 9612 720 718 4484 3676 1317 7872 9695 4343 9046 7859 7404 2020 9596 5510 9763 8918 2120 4609 6233 6328 
33 937
9373 7089 448 7880 4103 1293 5229 7262 2488 5949 7981 8554 1208 881 6427 905 6806 5475 8764 4211 7495 9944 9721 8841 8863 3425 5033 5097 9753 3480 8010 9128 2152 
45 135
7838 1334 3821 5101 3823 1354 4665 3960 2562 7128 389 5049 3935 7446 5397 8147 6524 5342 9451 5366 5788 2877 1982 2468 4214 7045 480 4925 780 521 3517 201 3438 7339 5303 8843 8693 1551 2804 2838 8680 4775 7888 4198 2222 
21 323
8746 211 3381 5695 5999 6258 9260 8467 2055 6306 530 6980 8668 2634 2081 8870 6072 9420 5756 6498 9696 
82 88
2535 7570 4079 2006 1770 7883 5292 5698 6631 7085 9079 3909 3085 5339 3170 3136 8976 1059 5248 5958 9728 7882 8039 182 5537 9042 5938 2036 8739 3246 2922 2857 2400 8583 4864 4170 6467 1739 9868 4681 408 8949 8591 5075 5871 3344 8211 4848 5986 5043 2389 7297 4508 2011 7479 47 1054 3418 3665 1376 8246 8169 5816 647 6753 2263 6399 4804 5584 6269 9485 5992 6801 9659 1069 2673 3005 863 9103 8991 5906 3076 
54 994
5087 5351 2045 7724 8769 7292 683 8598 5463 6499 9246 3799 8762 7228 8603 5930 3498 8090 1923 1882 7750 2992 6137 2338 3856 5242 2912 1345 8318 784 3343 4988 6135 5388 2713 6487 4264 4979 5087 9727 1479 5916 5109 1825 3145 3714 7755 8226 3387 9678 109 2720 4254 6247 
12 253
3072 7971 2620 2973 8756 5964 7961 6474 1353 2258 2963 5617